0.100     5969     5944     6080      390      332       38       33       17        9        0        0        1        2        2        0        5        2
0.300     8148     7960     7937      875      970      103      100       41       41        0        0       13       12        3        0       15       16
0.500     5234     5209     5428     1043     1048      140      143       52       59        0        0       10       15        3        1       19       22
0.700     3049     3143     3190      853      876      203      178       66       80        0        0       14       11        3        3       26       28
0.900     1814     1687     1781      658      614      199      217       81       95        0        0       17        8        4        3       26       20
1.100     1018      978      969      416      411      191      186       85       95        0        0       14       14        3        0       30       30
1.300      578      560      535      245      249      158      180       66       60        0        0       17       13        1        4       18       29
1.500      279      304      286      152      148      102      126       72       51        0        0       15       12        4        0       21       30
1.700      129      158      125       82       87      118       77       57       56        0        0       17        8        4        4       21       18
1.900       84       75       85       57       45       66       74       25       34        0        0        9        6        1        1        7       14
2.200       66       68       62       40       39       75       76       38       61        0        0       10       13        1        6       14       16
2.600       16       14       12       12        3       23       18       13       23        0        0        5        2        2        1        4        7
3.000        9        4        4        5        5        7       11        5        8        0        0        1        3        0        1        2        5
3.400        0        0        0        0        1        7        3        3        4        0        0        0        0        0        0        0        3
3.800        0        0        1        1        0        0        3        1        1        0        0        0        0        1        0        0        0
4.200        0        0        0        0        0        0        0        0        0        0        0        0        0        0        0        0        0
4.600        0        0        0        0        0        0        1        0        0        0        0        0        0        0        0        0        0

